102496288339226 1 1
243233776694554 1 1
25503018638468 1 1
166240506993796 1 1
194863804823673 1 1
54126316468345 1 1
180285425070967 1 1
39547936715639 1 1
229379390903807 1 1
88641902548479 1 1
11631417851241 1 1
152368906206569 1 1
278457215087719 1 1
137719726732391 1 1
74811678275130 -1 1
109996050363962 -1 1
145180422452794 -1 1
180364794541626 -1 1
215549166630458 -1 1
250733538719290 -1 1
4442934097466 -1 1
39627306186298 -1 1
60743603216145 1 1
201481091571473 1 1
74753121498560 1 1
215490609853888 1 1
225951381575532 -1 1
261135753664364 -1 1
14845149042540 -1 1
50029521131372 -1 1
85213893220204 -1 1
120398265309036 -1 1
155582637397868 -1 1
190767009486700 -1 1
123866381128776 1 1
264603869484104 1 1
187592346697722 1 1
46854858342394 1 1
172961353594608 1 1
32223865239280 1 1
60829983200677 1 1
201567471556005 1 1
236703458319970 1 1
95965969964642 1 1
43099331928968 -1 1
78283704017800 -1 1
113468076106632 -1 1
148652448195464 -1 1
183836820284296 -1 1
219021192373128 -1 1
254205564461960 -1 1
7914959840136 -1 1
194239033000162 -1 1
229423405088994 -1 1
264607777177826 -1 1
18317172556002 -1 1
53501544644834 -1 1
88685916733666 -1 1
123870288822498 -1 1
159054660911330 -1 1
159072574510805 1 1
18335086155477 1 1
82025653894727 1 1
222763142250055 1 1